329
2 47.656066549996304 -122.31039487883866 N2
3 47.65606411450507 -122.31001164759603 N3
5 47.65564280629127 -122.3100008000776 N5
6 47.65565985257935 -122.30946571971414 N6
7 47.65588389537302 -122.30918009562629 N7
8 47.65612985500958 -122.30887639052719 N8
9 47.65634660614177 -122.30990317400601 N9
10 47.65627353387691 -122.30867753473592 N10
11 47.6561152505309 -122.30776285453027 N11
12 47.65605680285764 -122.30766885454187 N12
13 47.656027578988116 -122.3076218546157 N13
14 47.65596182535211 -122.30752785509569 N14
15 47.65593747774218 -122.30729646647136 N15
16 47.656073849890504 -122.30687707085276 N16
17 47.656439140327194 -122.30655889704074 N17
18 47.65583031782026 -122.30667099776757 N18
19 47.65576944025899 -122.30662038523722 N19
20 47.65569151100373 -122.30663846441115 N20
21 47.655713426592285 -122.30646130752797 N21
22 47.65556975033028 -122.30708316432691 N22
23 47.65553078124702 -122.30661316051341 N23
24 47.65634659824704 -122.30589368167765 N24
25 47.65621265525009 -122.3056876051268 N25
26 47.656478095716686 -122.3053441266854 N26
27 47.65613472493032 -122.30558999072242 N27
28 47.655891631473835 -122.30565130451119 N28
29 47.65596168997906 -122.30525783832387 N29
30 47.6556326961682 -122.30571915111051 N30
31 47.65546515555528 -122.30741962504996 N31
32 47.65540118437524 -122.30765027585046 N32
33 47.65526410166669 -122.30811157559313 N33
34 47.65509959984299 -122.30868141306638 N34
35 47.65527019394507 -122.3087854321389 N35
36 47.65488026097324 -122.3085321733136 N36
37 47.65440502924939 -122.30822464662185 N37
38 47.65456039153127 -122.3079668626709 N38
39 47.65497774306886 -122.30824273086188 N39
40 47.65516356916888 -122.30804825938226 N40
41 47.65487111620925 -122.30717541027316 N41
42 47.655117863483014 -122.30656033674398 N42
43 47.65518792628111 -122.30634325088336 N43
44 47.65516355022365 -122.30605380685388 N44
45 47.65511785167796 -122.3058955185719 N45
46 47.65488937153971 -122.30575080685882 N46
47 47.65458474831381 -122.30538900227386 N47
48 47.65501732891138 -122.30462467914714 N48
49 47.65534633548103 -122.30454778189272 N49
50 47.65594342478573 -122.30456132467806 N50
51 47.65615971862196 -122.30462463289206 N58
53 47.654881107221414 -122.30943420676921 N61
54 47.65468186219211 -122.30933701896387 N62
55 47.65457939399145 -122.30962013437147 N63
56 47.65451108145983 -122.3095652018439 N64
57 47.654585085987925 -122.30928208692148 N65
58 47.654642012319655 -122.30910883692223 N66
59 47.654303296465955 -122.30915532199624 N67
60 47.654263447778355 -122.30921448035964 N68
61 47.65406705031333 -122.30981451045817 N69
62 47.65409835807656 -122.31039341154013 N70
63 47.65497788150846 -122.31039764899948 N71
64 47.65376993134977 -122.31042292964023 N72
65 47.653783647982614 -122.31124732313955 N73
66 47.65400074818121 -122.31146444696454 N77
67 47.65426354828709 -122.31042970409591 N79
68 47.653783648328925 -122.31146783983516 N80
69 47.65334030228843 -122.31078593304926 N83
70 47.65342256946702 -122.31043310345926 N84
71 47.65308206178929 -122.31042293350721 N92
72 47.65329002598451 -122.30981565896765 N93
73 47.6537722237473 -122.3102227632479 N94
74 47.65340428567504 -122.3093203401654 N95
75 47.65300892663876 -122.30900484205763 N96
76 47.65326716999111 -122.30816008052535 N97
77 47.65293819720945 -122.31072301090053 N98
81 47.65334160499927 -122.30787347777304 N107
82 47.65417562078619 -122.30804523715229 N108
83 47.65398265970947 -122.30864886542392 N109A
84 47.65387583989273 -122.30901717610128 N109B
85 47.65361401248161 -122.30838685560305 N109C
86 47.65434101353473 -122.30751833705672 N110
87 47.65450984996365 -122.30699143248066 N111A
88 47.65467869440158 -122.30645942570497 N111B
89 47.65416182837522 -122.30669987364399 N113
90 47.65398610012778 -122.30726769503183 N114
91 47.653824135811924 -122.30644411281588 N116
92 47.653624288552805 -122.30702727866199 N117
93 47.653527809530964 -122.30730862867873 N118
94 47.653458895861434 -122.30754905388163 N119
95 47.65337619840311 -122.30777924776466 N120
96 47.65322408076022 -122.30767809358584 N121
98 47.65210186295689 -122.30691192226854 N126
99 47.6522549069629 -122.30644151932702 N127
100 47.65234544024863 -122.30624311629917 N128
101 47.65262997485112 -122.30581110336715 N129
102 47.652813211604126 -122.3055967086527 N130
103 47.65367113780377 -122.30819512188131 R1
104 47.65380693870494 -122.30823672234848 R2
105 47.65390825053288 -122.3082047220647 R3
106 47.65401171793396 -122.30810872072618 R4
107 47.65408069609806 -122.30798391863786 R5
108 47.654097940208004 -122.30778871537306 R6
109 47.65407207271559 -122.30762551296206 R7
110 47.65400309372341 -122.30749111174063 R8
111 47.653934114962716 -122.30741431164942 R9
112 47.653847891814564 -122.30736951243304 R10
113 47.65374226890232 -122.3073791142253 R11
114 47.65367975756371 -122.30741111548888 R12
115 47.65359784644655 -122.30750071735163 R13
116 47.653548268950594 -122.30761591867909 R14
117 47.653518091477764 -122.30773111959999 R15
118 47.653511625187676 -122.30785592025836 R16
119 47.653537492319195 -122.30798712077775 R17
120 47.653595692843844 -122.30811512135979 R18
121 47.65334349477655 -122.30717431814533 N131
122 47.653341339152384 -122.30703031580437 N132
123 47.65333487178293 -122.30673911109868 N133
124 47.65322278074125 -122.30686071367325 N134
125 47.65313655689848 -122.30703991630006 N135
126 47.65331546979282 -122.30639350565677 N138
127 47.65371640220987 -122.30590711095182 N139
128 47.653871599474336 -122.30547510451242 N140
129 47.654035420106254 -122.30524789757649 N141
130 47.65403757420027 -122.30512309563746 N142
131 47.654104401887444 -122.30562550151078 N143
132 47.65424667010478 -122.30573430057454 N144
133 47.654332890652746 -122.30546869383028 N146
134 47.65439970949102 -122.30510708427731 N147
135 47.65359137256871 -122.30516790888322 N149
136 47.65344162899578 -122.30519243669413 N150
137 47.65329889535864 -122.30505221430698 N151
138 47.65318764168091 -122.30410181905633 N152
139 47.65279931699485 -122.30368427838987 N153
141 47.65279931933319 -122.30341005469423 N155
142 47.65249803041818 -122.30415471133972 N177
143 47.6524875256365 -122.30387795286357 N178
144 47.65243204003818 -122.30366758575647 N179
145 47.65230634780481 -122.30429504108123 N180
146 47.652062149251236 -122.30451722747156 N182
147 47.651922980128894 -122.30402608429561 N183
148 47.65188884600458 -122.30580356516516 N185
150 47.651589499233495 -122.30508243531027 N187
151 47.65141356540114 -122.30468094486304 N188
152 47.65128752324815 -122.30447825234948 N189
153 47.6517916900677 -122.30583474904667 N190
154 47.65161838182931 -122.30655977637434 N191
155 47.651754927738295 -122.30610760951915 N192
156 47.65103282076824 -122.30650909345925 N193
157 47.65098555738179 -122.30623623600334 N194
158 47.65103544877576 -122.30612709372329 N195
159 47.65115361225555 -122.30570221661472 N196
160 47.651190373786676 -122.30550342034795 N197
161 47.651129978350426 -122.30514480802098 N198A
162 47.650998060006515 -122.30489836826688 N198B
163 47.65096980363113 -122.30557748218195 N199
164 47.650725600712036 -122.3056437475718 N200
165 47.650854266496246 -122.30596727666477 N201
166 47.650867392528575 -122.30719904488933 N202
167 47.65076235814427 -122.30729649353655 N203
168 47.65100918850742 -122.30724971916591 N204
169 47.6509487948964 -122.30790068901379 N205
170 47.651106345615844 -122.30794746338735 N206
171 47.655724817756855 -122.31057482347222 MeanyHall
172 47.65584980498794 -122.30949825416076 RedSquare
173 47.65578389645157 -122.30815422653524 SuzzalloLibrary
174 47.65570394658331 -122.30715296533181 AllenNorth
175 47.655373676690964 -122.3069516908259 AllenSouth
176 47.656201081851385 -122.30659040317289 GriegGarden
177 47.65592643429362 -122.30609494049766 HUBYard
178 47.65482079513475 -122.30779501282908 MaryGatesHall
179 47.65463371801415 -122.30889899568484 JohnsonHall
180 47.65458694342144 -122.31084310874614 ArchitectureHall
181 47.65399764506977 -122.31083615322409 GuthrieHall
182 47.653731062575304 -122.310051571756 ChemistryLibraryBuilding
183 47.653048206961266 -122.3096002665617 BensonHall
184 47.65296868931889 -122.30843381313426 ChemistryBuilding
185 47.65425020956096 -122.30639938762846 GuggenheimHall
186 47.6535972288713 -122.30637550325774 ElectricalAndComputerEngineeringBuilding
187 47.65459163941327 -122.30643409384304 GuggenheimAnnex
188 47.65486756798201 -122.30647578388185 SiegHall
189 47.655283783151624 -122.30516350511866 HuskyUnionBuilding
190 47.656158391539535 -122.30427475275344 HallHealth
191 47.65364686161925 -122.30472610489173 MechanicalEngineeringBuilding
192 47.653305444097526 -122.30585785124353 CSE1
193 47.653004095219195 -122.30492318177295 CSE2
196 47.651847517804114 -122.30454729355858 WilcoxHall
197 47.651393239293384 -122.3051953431917 WilsonAnnex
198 47.65357594342009 -122.30853564267444 BagleyHall
199 47.65359750746842 -122.31136042970951 PhysicsAstronomyAuditorium
200 47.65292532304343 -122.31109810478416 Planetarium
201 47.65264120124092 -122.31062231547371 DeptOfBiology
202 47.65438893908237 -122.30599030312719 KirstenWindTunnel
203 47.654638737130504 -122.30450138242811 EngineeringLibrary
204 47.65140751264051 -122.30684546371367 WinkenwerderForestSciencesLaboratory
205 47.65392695834801 -122.31145728927666 N207
206 47.65392695834801 -122.31163424592516 N208
207 47.653796994149396 -122.31160207198907 N209
208 47.65394139879456 -122.31197743457676 N210
209 47.65394982242326 -122.31209421384851 N211
210 47.65533448230589 -122.31205965658519 N212
211 47.65533087229093 -122.31330371544733 N213
212 47.65534290570986 -122.31441967423335 N214
213 47.65533207566601 -122.31560474754605 N215
214 47.654721979567945 -122.31566373309553 N216
215 47.65487721179564 -122.31659141491949 N217
216 47.655170025975 -122.31647046482506 N218
217 47.655299986756376 -122.31640611695288 N219
218 47.65535774699983 -122.31639002998485 N220
219 47.65536857703836 -122.31656698663335 N221
220 47.65519529615228 -122.31657234895603 N222
221 47.655231396384295 -122.31665814611894 HendersonHall
239 47.655993750653494 -122.3155856376455 N241
240 47.655979310774484 -122.31439520201012 N242
241 47.65596166204031 -122.313282818215 N243
242 47.65594336343178 -122.3120530996521 N244
243 47.65618884100054 -122.31206382429745 N245
244 47.656203280821565 -122.31328643386892 N246
245 47.65622133059228 -122.3143857100187 N247
246 47.656234567050085 -122.31560474476291 N248
247 47.65625983671219 -122.31661584050438 N249
248 47.65602157941234 -122.31661047818166 N250
249 47.65602879934647 -122.31672308695799 N251
250 47.65536095121285 -122.3167445362487 N252
234 47.65586778253864 -122.31342934029024 DistrictMarketAlder
235 47.65638931043446 -122.30933785432174 KaneHall
237 47.65655191063455 -122.3097163438405 N237
236 47.65533581085197 -122.31189397131546 N236
256 47.655357491321425 -122.31172199669057 N254
258 47.65533581085197 -122.3115553962727 N255
262 47.6552237949497 -122.31150702840944 N257
264 47.655158753347784 -122.3112705633002 N258
266 47.65504111610937 -122.3109857303277 N259
274 47.65528923797346 -122.31145221932661 N266
276 47.655227809873004 -122.3113554836001 N267
282 47.65590793137283 -122.3113865345376 N271
284 47.656157253496346 -122.31137578612355 N272
286 47.656059692807176 -122.31137578612355 N273
288 47.65626926739612 -122.31137041191653 N274
290 47.65679320018847 -122.31136503770946 N275
292 47.65677392915363 -122.30975877631565 N276
294 47.65696182108157 -122.30974265369454 N277
296 47.657026860437526 -122.30963516955399 N278
298 47.65710996616339 -122.30964591796803 N279
300 47.657243657705706 -122.30955455644857 N280
302 47.657331179252544 -122.30957903903837 N281
304 47.65736369871063 -122.30969189738596 N282
306 47.657331179252544 -122.30981550414761 N283
308 47.657255300438294 -122.30984774938977 N284
310 47.65719026136686 -122.30975101366326 N285
328 47.65720110121773 -122.30964890372974 N302
330 47.65539924622527 -122.31139987712997 N303
332 47.65563050382114 -122.31138375450887 N304
335 47.654829127718095 -122.30952368195253 N306
337 47.65491223694193 -122.30962041767904 N307
339 47.654988119161175 -122.30937857836274 N308
341 47.65520492489431 -122.3095398045736 N309
343 47.655284420104216 -122.30934095891357 GeberdingHall
350 47.65738296938998 -122.3102223288047 ParringtonHall
352 47.65729263754531 -122.31009872204305 N317
354 47.65719869226108 -122.31001273473059 N318
268 47.656917696640136 -122.31131346336866 N268
270 47.65699711449788 -122.31117940530162 N269
272 47.65700072439765 -122.31090592684484 N270
289 47.65700272995861 -122.31066045166509 N286
291 47.65700633985797 -122.31042450946713 N287
293 47.65706770810902 -122.31021001655985 N288
301 47.656194362449575 -122.3115679481721 N295
303 47.65633878080619 -122.31156257956299 HenryArtGallery
307 47.65601984780881 -122.31157279569031 AllenVisualArtsCenter
309 47.65288138359164 -122.31023394329715 N300
311 47.65268640580671 -122.30997088145078 N301
316 47.65252392376317 -122.30972929404085 N305
322 47.652345794738096 -122.30940717737143 N310
324 47.652136371977484 -122.30889715950603 N311
326 47.65206776778707 -122.30850525104105 N312
297 47.65275713639951 -122.3088599843134 N297
299 47.65280768619706 -122.30874187491298 N298
315 47.65267770090452 -122.30809227321076 N313
319 47.652055451976715 -122.30814834534125 N316
323 47.652600672393625 -122.30802486733172 N319
325 47.65273787928418 -122.30799265567708 N320
327 47.652019826679194 -122.30758205425548 N326
329 47.652308686084275 -122.30750152511882 N327
331 47.6524314508476 -122.30757668564635 N328
333 47.65253255102425 -122.30767332061032 N329
336 47.65268420092222 -122.30775384974697 N331
338 47.652988301796114 -122.30777532418341 N332
346 47.65140118818475 -122.30819785875987 N339
348 47.65118454001601 -122.30806364353212 N340
355 47.6517337645686 -122.30818817062664 N345
357 47.65154961485517 -122.30816669619021 N346
359 47.65146295594181 -122.30823648810862 N347
364 47.651249638575095 -122.30764934705728 BloedelHall
366 47.65170098734981 -122.30756344931152 AndersonHall
314 47.6520067766767 -122.30694380314803 N314
340 47.65177207717493 -122.30714244168506 N338
344 47.65159875994272 -122.30730349995835 N341
347 47.65145793926802 -122.30726591969457 N343
349 47.65141460975325 -122.30744845240427 N344
358 47.65209972953237 -122.30549790791763 MuellerHall
360 47.652370534857106 -122.30542811599922 N353
362 47.65223693773907 -122.30526168911683 N354
365 47.65200946077873 -122.3050684191889 RobertsHall
370 47.65183344050589 -122.30498492436973 N360
372 47.65170706356269 -122.30536609561649 N361
375 47.651714285110515 -122.30514061403392 N363
381 47.65279028447052 -122.30495509883639 N367
383 47.65296720843548 -122.30535774451958 N368
387 47.65268058732629 -122.30505035908529 MoreHall
389 47.65261551377476 -122.30420395609974 N371
391 47.652933255408065 -122.30414490139955 N372
321 47.651714613393125 -122.30697606454596 N321
334 47.651828537140204 -122.30688550109674 N333
351 47.653444704288866 -122.30623248953641 N349
361 47.653102140594804 -122.30674071852754 N358
367 47.65293246236874 -122.30657984884708 N362
371 47.65279888550503 -122.30648332703882 N365
373 47.65264164148083 -122.30630279556308 N366
377 47.65246474133255 -122.30624917233627 N369
385 47.65278604932087 -122.3059113460073 N376
388 47.652897965122264 -122.30605076639704 N378
390 47.653018304462755 -122.30624381001357 N379
394 47.653032745160594 -122.30659236098789 SylvanGrove
396 47.65305079602725 -122.30643685363015 N383
342 47.65344431589477 -122.31337729052754 N342
353 47.65354178973236 -122.31381163866476 N352
376 47.653585111379556 -122.3145087406134 N374
384 47.65298457421709 -122.31246168938293 N381
386 47.65323848954909 -122.31222932201216 N382
392 47.653563402914145 -122.3121328002039 N387
2 171 3
3 172 9 7 5 2
5 172 6 3
6 172 7 5
7 35 172 173 8 6 3 9 235
8 10 9 7 235
9 8 3 7 235 9 237
10 11 8 235
11 12 10
12 13 11
13 14 12
14 15 13
15 18 14
16 176 18 17
17 16
18 24 19 16 15
19 20 18
20 23 22 21 19
21 177 30 20
22 175 174 31 20
23 43 20
24 25 18
25 27 26 24
26 25
27 177 29 28 25
28 30 29 27
29 51 50 28 27
30 189 177 45 28 21
31 32 22 35
32 41 33 31
33 40 34 32
34 53 36 35 33
35 34 31 7
36 39 37 34
37 82 38 36 40
38 178 37
39 178 36
40 178 37 33
41 42 87 32
42 188 43 41
43 44 42 23
44 45 43
45 189 46 44 30
46 189 88 47 45
47 134 46
48 189 134 49
49 50 48
50 51 49 29
51 190 50 29
53 54 34
54 179 57 55 53
55 56 54
56 57 55
57 59 58 56 54
58 179 57
59 60 57
60 84 61 59 179
61 62 60 74
62 67 64 61
63 171 67 266 337
64 181 70 73 65 62
65 66 64
66 65 205
67 180 63 62
68 200 199 69 207 205
69 200 70 68
70 71 69 64
71 77 72 70 309
72 74 73 71
73 182 72 64
74 183 198 75 72 61
75 183 198 76 74 297
76 85 184 81 75
77 201 200 71
81 95 76 325
82 107 86 83 37
83 85 84 82
84 83 60
85 198 103 83 76
86 178 90 89 87 82
87 90 89 88 86 41
88 187 188 87 46
89 185 92 91 90 87 86
90 111 92 91 89 87 86
91 186 127 92 90 89
92 93 91 90 89
93 123 121 114 94 92
94 118 95 93 116
95 118 96 94 81
96 98 95 338
98 154 99 96 327 314
99 155 125 100 98
100 148 101 99 377
101 102 100 360
102 136 123 101 383 385
103 120 104 85
104 105 103
105 106 104
106 107 105
107 82 108 106
108 109 107
109 110 108
110 111 109
111 90 112 110
112 113 111
113 114 112
114 93 115 113
115 116 114
116 94 117 115
117 118 116
118 95 119 117 94
119 120 118
120 119 103
121 125 122 93
122 124 121
123 102 126 124 93
124 125 123 122 361
125 99 124 121
126 192 123 186 351
127 135 128 91
128 135 131 129 127
129 131 130 128
130 135 134 129
131 132 129 128
132 133 131 202
133 134 132
134 203 133 48 130 47
135 191 136 128 127 130
136 192 102 137 135 383
137 193 138 136
138 139 137 391
139 143 141 138
141 152 144 139
142 145 143 381 389
143 147 139 144 142
144 141 143
145 146 142
146 196 147 145
147 143 151 146
148 153 100 372 358
150 197 151 372 375
151 147 161 152 150
152 162 141 151
153 160 148 155
154 155 158 98 334
155 154 159 99 153
156 204 157 168
157 166 158 156
158 165 159 157 154
159 163 160 158 155
160 161 159 153
161 162 151 160
162 164 161 152
163 164 159
164 167 165 162 163
165 164 158
166 168 167 157
167 169 164 166
168 170 156 204 166
169 170 167
170 168 169 348
171 63 2
172 7 6 5 3
173 174 7
174 22 173
175 22
176 16
177 27 30 21
178 86 40 38 39
179 60 54 58
180 67
181 64
182 73
183 75 74
184 76 299
185 89
186 91 126
187 88
188 42 88
189 45 46 48 30
190 51
191 135
192 126 136 351
193 137
196 146
197 150
198 85 75 74
199 68
200 77 69 68
201 77 309
202 132
203 134
204 156 168 321
205 206 66 68
206 205 207
207 206 208 68
208 207 209
209 208 210 392
210 209 211 242 236
211 210 212 241 342
212 211 213 240 376
213 212 214 218 239
214 213 215
215 214 216
216 215 217 220
217 216 218
218 217 219 213
219 218 220 250
220 219 221 216
221 220
239 240 248 213 246
240 239 241 212 245 240
241 240 242 211 244 234
242 241 243 210
243 242 244
244 243 245 244 241
245 244 246 245 240
246 245 247 239
247 246 248
248 247 249 239
249 248 250
250 249 219
234 241
235 9 7 8 10
237 9 292
236 210 256 262
256 258 236
258 256 274
262 264 236 276 274
264 262 266 276
266 264 63
274 276 258 262 330
276 274 264 262
282 284 332
284 282 286 301
286 284 288
288 286 290
290 288 292 268
292 290 294 237
294 292 296
296 294 298
298 296 300 310 328
300 298 302 328
302 300 304
304 302 306
306 304 308
308 306 310 354
310 308 298 328
328 298 300 310
330 332 274
332 330 282
335 337
337 335 339 63
339 337 341
341 339 343
343 341
350 352
352 350 354
354 352 308 293
268 270 290
270 268 272
272 270 289
289 272 291
291 289 293
293 291 354
301 303 284 307
303 301
307 301
309 311 201 71
311 309 316
316 311 322
322 316 324
324 322 326
326 324 297 319 355
297 299 75 326
299 297 315 184
315 299 323 325
319 323 326 327 319 355
323 319 325 315
325 323 315 81
327 329 98 319 366
329 327 331
331 329 333
333 331 336
336 333 338
338 336 96
346 348 359
348 346 170
355 357 326 319
357 355 359
359 357 359 346
364 366 349
366 364 327 349
314 98 321 334
340 344 334
344 340 347
347 344 349
349 347 366 364
358 362 148
360 362 101 387
362 360 365 358
365 362 370
370 365 375
372 150 148 375
375 370 372 150
381 383 142 381 387
383 381 136 102
387 381 360
389 391 142
391 389 138
321 321 204 314 334
334 340 321 314 154
351 192 126
361 124 394
367 371 396 394
371 367 373 385 388 371 396
373 371 377 385 390 373
377 373 100
385 388 373 102 385 371
388 385 390 371
390 388 396 373
394 396 367 361
396 394 390 367 371
342 353 211 384
353 342 376
376 353 212
384 386 342
386 384 392
392 386 209
