594
2 47.656066549996304 -122.31039487883866 N2
3 47.65606411450507 -122.31001164759603 N3
5 47.65564280629127 -122.3100008000776 N5
6 47.65565985257935 -122.30946571971414 N6
7 47.65588389537302 -122.30918009562629 N7
8 47.65612985500958 -122.30887639052719 N8
9 47.65634660614177 -122.30990317400601 N9
10 47.65627353387691 -122.30867753473592 N10
11 47.6561152505309 -122.30776285453027 N11
12 47.65605680285764 -122.30766885454187 N12
13 47.656027578988116 -122.3076218546157 N13
14 47.65596182535211 -122.30752785509569 N14
15 47.65593747774218 -122.30729646647136 N15
16 47.656073849890504 -122.30687707085276 N16
17 47.656439140327194 -122.30655889704074 N17
18 47.65583031782026 -122.30667099776757 N18
19 47.65576944025899 -122.30662038523722 N19
20 47.65569151100373 -122.30663846441115 N20
21 47.655713426592285 -122.30646130752797 N21
22 47.65556975033028 -122.30708316432691 N22
23 47.65553078124702 -122.30661316051341 N23
24 47.65634659824704 -122.30589368167765 N24
25 47.65621265525009 -122.3056876051268 N25
26 47.656478095716686 -122.3053441266854 N26
27 47.65613472493032 -122.30558999072242 N27
28 47.655891631473835 -122.30565130451119 N28
29 47.65596168997906 -122.30525783832387 N29
30 47.6556326961682 -122.30571915111051 N30
31 47.65546515555528 -122.30741962504996 N31
32 47.65540118437524 -122.30765027585046 N32
33 47.65526410166669 -122.30811157559313 N33
34 47.65509959984299 -122.30868141306638 N34
35 47.65527019394507 -122.3087854321389 N35
36 47.65488026097324 -122.3085321733136 N36
37 47.65440502924939 -122.30822464662185 N37
38 47.65456039153127 -122.3079668626709 N38
39 47.65497774306886 -122.30824273086188 N39
41 47.65487111620925 -122.30717541027316 N41
42 47.655117863483014 -122.30656033674398 N42
43 47.65518792628111 -122.30634325088336 N43
44 47.65516355022365 -122.30605380685388 N44
45 47.65511785167796 -122.3058955185719 N45
46 47.65488937153971 -122.30575080685882 N46
47 47.65458474831381 -122.30538900227386 N47
48 47.65501732891138 -122.30462467914714 N48
49 47.65534633548103 -122.30454778189272 N49
50 47.65594342478573 -122.30456132467806 N50
51 47.65615971862196 -122.30462463289206 N58
53 47.654881107221414 -122.30943420676921 N61
54 47.65468186219211 -122.30933701896387 N62
55 47.65457939399145 -122.30962013437147 N63
56 47.65451108145983 -122.3095652018439 N64
58 47.654642012319655 -122.30910883692223 N66
59 47.654303296465955 -122.30915532199624 N67
61 47.65406705031333 -122.30981451045817 N69
62 47.65409835807656 -122.31039341154013 N70
63 47.65497788150846 -122.31039764899948 N71
64 47.65376993134977 -122.31042292964023 N72
65 47.653783647982614 -122.31124732313955 N73
66 47.65400074818121 -122.31146444696454 N77
67 47.65426354828709 -122.31042970409591 N79
68 47.653783648328925 -122.31146783983516 N80
69 47.65334030228843 -122.31078593304926 N83
70 47.65342256946702 -122.31043310345926 N84
71 47.65308206178929 -122.31042293350721 N92
72 47.65329002598451 -122.30981565896765 N93
73 47.6537722237473 -122.3102227632479 N94
74 47.65340428567504 -122.3093203401654 N95
75 47.65300892663876 -122.30900484205763 N96
76 47.65326716999111 -122.30816008052535 N97
77 47.65293819720945 -122.31072301090053 N98
81 47.65334160499927 -122.30787347777304 N107
82 47.65417562078619 -122.30804523715229 N108
83 47.65398265970947 -122.30864886542392 N109A
84 47.65387583989273 -122.30901717610128 N109B
85 47.65361401248161 -122.30838685560305 N109C
86 47.65434101353473 -122.30751833705672 N110
87 47.65450984996365 -122.30699143248066 N111A
88 47.65467869440158 -122.30645942570497 N111B
89 47.65416182837522 -122.30669987364399 N113
90 47.65398610012778 -122.30726769503183 N114
91 47.653824135811924 -122.30644411281588 N116
92 47.653624288552805 -122.30702727866199 N117
95 47.65337619840311 -122.30777924776466 N120
96 47.65322408076022 -122.30767809358584 N121
98 47.65210186295689 -122.30691192226854 N126
99 47.6522549069629 -122.30644151932702 N127
100 47.65234544024863 -122.30624311629917 N128
101 47.65262997485112 -122.30581110336715 N129
102 47.652813211604126 -122.3055967086527 N130
103 47.65367113780377 -122.30819512188131 R1
104 47.65380693870494 -122.30823672234848 R2
105 47.65390825053288 -122.3082047220647 R3
106 47.65401171793396 -122.30810872072618 R4
107 47.65408069609806 -122.30798391863786 R5
108 47.654097940208004 -122.30778871537306 R6
109 47.65407207271559 -122.30762551296206 R7
110 47.65400309372341 -122.30749111174063 R8
111 47.653934114962716 -122.30741431164942 R9
112 47.653847891814564 -122.30736951243304 R10
113 47.65374226890232 -122.3073791142253 R11
114 47.65367975756371 -122.30741111548888 R12
115 47.65359784644655 -122.30750071735163 R13
116 47.653548268950594 -122.30761591867909 R14
117 47.653518091477764 -122.30773111959999 R15
118 47.653511625187676 -122.30785592025836 R16
119 47.653537492319195 -122.30798712077775 R17
120 47.653595692843844 -122.30811512135979 R18
121 47.65334349477655 -122.30717431814533 N131
122 47.653341339152384 -122.30703031580437 N132
123 47.65333487178293 -122.30673911109868 N133
124 47.65322278074125 -122.30686071367325 N134
125 47.65313655689848 -122.30703991630006 N135
126 47.65331546979282 -122.30639350565677 N138
127 47.65371640220987 -122.30590711095182 N139
128 47.653871599474336 -122.30547510451242 N140
129 47.654035420106254 -122.30524789757649 N141
130 47.65403757420027 -122.30512309563746 N142
131 47.654104401887444 -122.30562550151078 N143
132 47.65424667010478 -122.30573430057454 N144
133 47.654332890652746 -122.30546869383028 N146
134 47.65439970949102 -122.30510708427731 N147
135 47.65359137256871 -122.30516790888322 N149
136 47.65344162899578 -122.30519243669413 N150
137 47.65329889535864 -122.30505221430698 N151
138 47.65318764168091 -122.30410181905633 N152
139 47.65279931699485 -122.30368427838987 N153
141 47.65279931933319 -122.30341005469423 N155
142 47.65249803041818 -122.30415471133972 N177
143 47.6524875256365 -122.30387795286357 N178
144 47.65243204003818 -122.30366758575647 N179
145 47.65230634780481 -122.30429504108123 N180
146 47.652062149251236 -122.30451722747156 N182
147 47.651922980128894 -122.30402608429561 N183
148 47.65188884600458 -122.30580356516516 N185
150 47.651589499233495 -122.30508243531027 N187
151 47.65141356540114 -122.30468094486304 N188
152 47.65128752324815 -122.30447825234948 N189
153 47.6517916900677 -122.30583474904667 N190
154 47.65161838182931 -122.30655977637434 N191
155 47.651754927738295 -122.30610760951915 N192
156 47.65103282076824 -122.30650909345925 N193
157 47.65098555738179 -122.30623623600334 N194
158 47.65103544877576 -122.30612709372329 N195
159 47.65115361225555 -122.30570221661472 N196
160 47.651190373786676 -122.30550342034795 N197
161 47.651129978350426 -122.30514480802098 N198A
162 47.650998060006515 -122.30489836826688 N198B
163 47.65096980363113 -122.30557748218195 N199
164 47.650725600712036 -122.3056437475718 N200
165 47.650854266496246 -122.30596727666477 N201
166 47.650867392528575 -122.30719904488933 N202
167 47.65076235814427 -122.30729649353655 N203
168 47.65100918850742 -122.30724971916591 N204
169 47.6509487948964 -122.30790068901379 N205
170 47.651106345615844 -122.30794746338735 N206
171 47.655724817756855 -122.31057482347222 MeanyHall
172 47.65584980498794 -122.30949825416076 RedSquare
173 47.65578389645157 -122.30815422653524 SuzzalloLibrary
174 47.65570394658331 -122.30715296533181 AllenNorth
175 47.655373676690964 -122.3069516908259 AllenSouth
176 47.656201081851385 -122.30659040317289 GriegGarden
177 47.65592643429362 -122.30609494049766 HUBYard
178 47.65482079513475 -122.30779501282908 MaryGatesHall
179 47.65463371801415 -122.30889899568484 JohnsonHall
180 47.65458694342144 -122.31084310874614 ArchitectureHall
181 47.65399764506977 -122.31083615322409 GuthrieHall
182 47.653731062575304 -122.310051571756 ChemistryLibraryBuilding
183 47.653048206961266 -122.3096002665617 BensonHall
184 47.65296868931889 -122.30843381313426 ChemistryBuilding
185 47.65425020956096 -122.30639938762846 GuggenheimHall
186 47.6535972288713 -122.30637550325774 ElectricalAndComputerEngineeringBuilding
187 47.65459163941327 -122.30643409384304 GuggenheimAnnex
188 47.65486756798201 -122.30647578388185 SiegHall
189 47.655283783151624 -122.30516350511866 HuskyUnionBuilding
190 47.656158391539535 -122.30427475275344 HallHealth
191 47.65364686161925 -122.30472610489173 MechanicalEngineeringBuilding
192 47.653305444097526 -122.30585785124353 CSE1
193 47.653004095219195 -122.30492318177295 CSE2
196 47.651847517804114 -122.30454729355858 WilcoxHall
197 47.651393239293384 -122.3051953431917 WilsonAnnex
198 47.65357594342009 -122.30853564267444 BagleyHall
199 47.65359750746842 -122.31136042970951 PhysicsAstronomyAuditorium
200 47.65292532304343 -122.31109810478416 Planetarium
201 47.65264120124092 -122.31062231547371 DeptOfBiology
202 47.65438893908237 -122.30599030312719 KirstenWindTunnel
203 47.654638737130504 -122.30450138242811 EngineeringLibrary
204 47.65140751264051 -122.30684546371367 WinkenwerderForestSciencesLaboratory
205 47.65392695834801 -122.31145728927666 N207
206 47.65392695834801 -122.31163424592516 N208
207 47.653796994149396 -122.31160207198907 N209
208 47.65394139879456 -122.31197743457676 N210
209 47.65394982242326 -122.31209421384851 N211
210 47.65533448230589 -122.31205965658519 N212
211 47.65533087229093 -122.31330371544733 N213
212 47.65534290570986 -122.31441967423335 N214
214 47.654721979567945 -122.31566373309553 N216
215 47.65487721179564 -122.31659141491949 N217
216 47.655170025975 -122.31647046482506 N218
217 47.655299986756376 -122.31640611695288 N219
218 47.65535774699983 -122.31639002998485 N220
219 47.65536857703836 -122.31656698663335 N221
220 47.65519529615228 -122.31657234895603 N222
221 47.655231396384295 -122.31665814611894 HendersonHall
240 47.655979310774484 -122.31439520201012 N242
241 47.65596166204031 -122.313282818215 N243
242 47.65594336343178 -122.3120530996521 N244
243 47.65618884100054 -122.31206382429745 N245
244 47.656203280821565 -122.31328643386892 N246
245 47.65622133059228 -122.3143857100187 N247
246 47.656234567050085 -122.31560474476291 N248
248 47.65602157941234 -122.31661047818166 N250
249 47.65602879934647 -122.31672308695799 N251
250 47.65536095121285 -122.3167445362487 N252
234 47.65586778253864 -122.31342934029024 DistrictMarketAlder
235 47.65638931043446 -122.30933785432174 KaneHall
237 47.65655191063455 -122.3097163438405 N237
236 47.65533581085197 -122.31189397131546 N236
256 47.655357491321425 -122.31172199669057 N254
258 47.65533581085197 -122.3115553962727 N255
262 47.6552237949497 -122.31150702840944 N257
264 47.655158753347784 -122.3112705633002 N258
266 47.65504111610937 -122.3109857303277 N259
274 47.65528923797346 -122.31145221932661 N266
276 47.655227809873004 -122.3113554836001 N267
282 47.65590793137283 -122.3113865345376 N271
284 47.656157253496346 -122.31137578612355 N272
286 47.656059692807176 -122.31137578612355 N273
288 47.65626926739612 -122.31137041191653 N274
290 47.65679320018847 -122.31136503770946 N275
292 47.65677392915363 -122.30975877631565 N276
294 47.65696182108157 -122.30974265369454 N277
296 47.657026860437526 -122.30963516955399 N278
298 47.65710996616339 -122.30964591796803 N279
300 47.657243657705706 -122.30955455644857 N280
302 47.657331179252544 -122.30957903903837 N281
304 47.65736369871063 -122.30969189738596 N282
306 47.657331179252544 -122.30981550414761 N283
308 47.657255300438294 -122.30984774938977 N284
310 47.65719026136686 -122.30975101366326 N285
328 47.65720110121773 -122.30964890372974 N302
330 47.65539924622527 -122.31139987712997 N303
332 47.65563050382114 -122.31138375450887 N304
335 47.654829127718095 -122.30952368195253 N306
337 47.65491223694193 -122.30962041767904 N307
339 47.654988119161175 -122.30937857836274 N308
341 47.65520492489431 -122.3095398045736 N309
343 47.655284420104216 -122.30934095891357 GeberdingHall
350 47.65738296938998 -122.3102223288047 ParringtonHall
352 47.65729263754531 -122.31009872204305 N317
354 47.65719869226108 -122.31001273473059 N318
268 47.656917696640136 -122.31131346336866 N268
270 47.65699711449788 -122.31117940530162 N269
272 47.65700072439765 -122.31090592684484 N270
289 47.65700272995861 -122.31066045166509 N286
291 47.65700633985797 -122.31042450946713 N287
293 47.65706770810902 -122.31021001655985 N288
301 47.656194362449575 -122.3115679481721 N295
303 47.65633878080619 -122.31156257956299 HenryArtGallery
307 47.65601984780881 -122.31157279569031 AllenVisualArtsCenter
309 47.65288138359164 -122.31023394329715 N300
311 47.65268640580671 -122.30997088145078 N301
316 47.65252392376317 -122.30972929404085 N305
322 47.652345794738096 -122.30940717737143 N310
324 47.652136371977484 -122.30889715950603 N311
326 47.65206776778707 -122.30850525104105 N312
297 47.65275713639951 -122.3088599843134 N297
299 47.65280768619706 -122.30874187491298 N298
315 47.65267770090452 -122.30809227321076 N313
319 47.652055451976715 -122.30814834534125 N316
323 47.652600672393625 -122.30802486733172 N319
325 47.65273787928418 -122.30799265567708 N320
327 47.652019826679194 -122.30758205425548 N326
329 47.652308686084275 -122.30750152511882 N327
331 47.6524314508476 -122.30757668564635 N328
333 47.65253255102425 -122.30767332061032 N329
336 47.65268420092222 -122.30775384974697 N331
338 47.652988301796114 -122.30777532418341 N332
346 47.65140118818475 -122.30819785875987 N339
348 47.65118454001601 -122.30806364353212 N340
355 47.6517337645686 -122.30818817062664 N345
357 47.65154961485517 -122.30816669619021 N346
359 47.65146295594181 -122.30823648810862 N347
364 47.651249638575095 -122.30764934705728 BloedelHall
366 47.65170098734981 -122.30756344931152 AndersonHall
314 47.6520067766767 -122.30694380314803 N314
340 47.65177207717493 -122.30714244168506 N338
344 47.65159875994272 -122.30730349995835 N341
347 47.65145793926802 -122.30726591969457 N343
349 47.65141460975325 -122.30744845240427 N344
358 47.65209972953237 -122.30549790791763 MuellerHall
360 47.652370534857106 -122.30542811599922 N353
362 47.65223693773907 -122.30526168911683 N354
365 47.65200946077873 -122.3050684191889 RobertsHall
370 47.65183344050589 -122.30498492436973 N360
372 47.65170706356269 -122.30536609561649 N361
375 47.651714285110515 -122.30514061403392 N363
381 47.65279028447052 -122.30495509883639 N367
383 47.65296720843548 -122.30535774451958 N368
387 47.65268058732629 -122.30505035908529 MoreHall
389 47.65261551377476 -122.30420395609974 N371
391 47.652933255408065 -122.30414490139955 N372
321 47.651714613393125 -122.30697606454596 N321
334 47.651828537140204 -122.30688550109674 N333
351 47.653444704288866 -122.30623248953641 N349
361 47.653102140594804 -122.30674071852754 N358
367 47.65293246236874 -122.30657984884708 N362
371 47.65279888550503 -122.30648332703882 N365
373 47.65264164148083 -122.30630279556308 N366
377 47.65246474133255 -122.30624917233627 N369
385 47.65278604932087 -122.3059113460073 N376
388 47.652897965122264 -122.30605076639704 N378
390 47.653018304462755 -122.30624381001357 N379
394 47.653032745160594 -122.30659236098789 SylvanGrove
396 47.65305079602725 -122.30643685363015 N383
342 47.65344431589477 -122.31337729052754 N342
353 47.65354178973236 -122.31381163866476 N352
376 47.653585111379556 -122.3145087406134 N374
384 47.65298457421709 -122.31246168938293 N381
386 47.65323848954909 -122.31222932201216 N382
392 47.653563402914145 -122.3121328002039 N387
374 47.65605790224349 -122.31064459358907 N373
379 47.65605068129631 -122.31085933795345 N377
393 47.6562179664082 -122.31172487716263 N390
395 47.656268512855604 -122.31184298656304 N391
397 47.65631905925407 -122.31221878920071 N392
401 47.65627934423083 -122.3123905846922 N394
408 47.65624685009843 -122.31226173807357 N400
410 47.65634433243494 -122.31236911025574 N401
413 47.65629057677794 -122.31316068181373 N403
415 47.65629418723507 -122.31327879121416 N404
356 47.655507166870585 -122.31012894615802 N356
398 47.6550942074071 -122.31018131302747 N397
400 47.65512308765063 -122.30999899405629 N398
402 47.655476869337484 -122.30999899405629 N399
409 47.65513797996215 -122.30916998904958 N405
418 47.654396210051736 -122.30853530003209 N410
420 47.65433844060793 -122.30866414665071 N411
422 47.654309555862085 -122.30880909909664 N412
426 47.65420109562847 -122.30951465865992 N415
429 47.65447175437865 -122.30970062357707 N417
431 47.654611340417794 -122.30934463726922 N418
434 47.656523983229555 -122.30837503940975 N420
436 47.65636873403075 -122.30813882060892 N421
438 47.65648827986837 -122.30794197158095 TateuchiEastAsiaLibrary
446 47.65639303910088 -122.30892793981612 N428
380 47.65718999903425 -122.30941515243876 N380
403 47.657114191361785 -122.30927573204904 N402
411 47.65696979549071 -122.3090505144964 N409
423 47.65703477368213 -122.30856790545502 SaveryHall
428 47.65685427850633 -122.30885210855716 N423
439 47.65664490332076 -122.30816036893123 N432
441 47.656706271996626 -122.30824616609412 N433
443 47.6568253992203 -122.308449934356 N434
445 47.656926476651506 -122.3086054417138 N435
451 47.65695227922985 -122.30847547972469 N440
453 47.65691979009293 -122.30827171146278 N441
455 47.657042526726364 -122.30808403016891 N442
457 47.65690174056368 -122.30812692875037 N443
461 47.656782613514174 -122.30807330552356 N445
463 47.65673929451966 -122.30799287068335 N446
465 47.65687286130391 -122.3078266386802 N447
467 47.656674315960544 -122.30753707325538 N448
469 47.65666348619284 -122.30775692848533 N449
471 47.656522699008164 -122.30771402990388 N450
473 47.65658045789906 -122.30780518938948 N451
475 47.65665987626977 -122.30791779816578 N452
417 47.65671882857804 -122.30864425312284 N416
421 47.65657632794196 -122.3084260595038 N419
425 47.65609413858401 -122.30865086528794 N422
406 47.65651850819955 -122.307366841233 SmithHall
432 47.65710291300924 -122.30698134999537 N430
440 47.657030715108 -122.30707250948097 N437
442 47.656738312587166 -122.30753366923162 N438
444 47.65698739631936 -122.30764627800792 N439
450 47.65736282462703 -122.30759265478112 N444
460 47.6574422418077 -122.30748540832748 N453
462 47.65726896780317 -122.30724946612948 N454
466 47.65716789114514 -122.30687648686899 N456
468 47.657503609656594 -122.3063724285369 N457
470 47.65753048297182 -122.30604830584873 N458
472 47.65734276975819 -122.30576410274658 N459
474 47.6572128140611 -122.30596250868582 N460
476 47.65732833025224 -122.30612337836628 N461
478 47.65711494607487 -122.30644928838625 MillerHall
407 47.65632375148103 -122.30464296152715 N407
430 47.65646453920213 -122.30468049778594 N429
433 47.65681109197528 -122.30478774423958 N431
477 47.656897729809195 -122.30479846888493 N474
479 47.65698797739996 -122.30479310656226 N475
481 47.65712635671785 -122.30470850089931 N476
483 47.65742958667664 -122.30528226942629 N477
485 47.65722743356643 -122.30557719717379 N478
487 47.657083037898374 -122.30579466915829 N479
489 47.65687727353839 -122.30612177084188 N480
491 47.65669316789737 -122.30640597394404 N481
493 47.656516281474005 -122.30667945240081 N482
495 47.65630329498535 -122.30700119176173 N483
513 47.651499442379624 -122.30416149593982 N499
515 47.65171966899254 -122.3039255537418 N500
517 47.65195072542416 -122.30373787244795 N501
519 47.65224315475478 -122.30357700276751 N502
528 47.65744192166515 -122.30970464065527 N509
530 47.65763324437837 -122.30968855368724 N510
532 47.65808808424054 -122.30965637975113 N511
534 47.658555755019684 -122.30966472106924 N512
536 47.65929575715982 -122.3096486341012 N513
538 47.65975459336711 -122.30965101742846 N514
540 47.659761010603084 -122.31002220935713 N515
542 47.6598440338392 -122.31013481813343 N516
544 47.65995232481835 -122.31014018045613 N517
546 47.66005861012938 -122.31025815155513 N518
548 47.66015246193855 -122.31037076033145 N519
552 47.66053067508372 -122.31004544597965 N521
554 47.6604476529395 -122.30997037346211 N522
556 47.66038989832655 -122.30985240236309 N523
558 47.66038628866112 -122.3097344312641 N524
560 47.66024310510105 -122.3097433682504 N525
562 47.660037353194625 -122.30975409289573 N526
564 47.659842429587925 -122.30974873057308 N527
587 47.65672981420081 -122.30960261683148 N548
589 47.65694640885315 -122.30957580521807 N549
591 47.6569572385622 -122.30947392108713 N550
595 47.66052456601869 -122.31036791597015 BurkeMuseum
486 47.65711036767984 -122.31039074001518 N486
488 47.65724405922109 -122.31060033408929 N487
490 47.65730909822554 -122.31078843133528 N488
492 47.657547172368844 -122.31100320383058 N489
494 47.65774951449743 -122.31055177044018 N490
496 47.658215621059945 -122.31164273446696 N491
498 47.65836014938146 -122.3117984396358 N492
500 47.65835653617829 -122.3115888455617 N493
502 47.65837098898944 -122.31102992803075 N494
504 47.65843723102609 -122.31064417942937 N495
506 47.65845891020783 -122.31028948176551 N496
508 47.65815259058904 -122.31012347849999 N497
510 47.658208394633355 -122.31075686152813 N498
533 47.657858312868505 -122.30993819045933 N520
543 47.657757142113034 -122.3098575773539 N529
545 47.65769210366671 -122.30980383528362 N530
547 47.6580895595734 -122.30978771266254 N531
549 47.65825135139452 -122.3097709928891 N532
551 47.658544020630075 -122.30979248971721 N533
553 47.658677708500484 -122.30978711551022 N534
557 47.658872819913185 -122.31015793579515 N536
559 47.659202419988546 -122.3101507702131 N537
561 47.65892782026553 -122.3097906983422 N538
563 47.659285522251615 -122.30977994992817 N539
565 47.6593072010811 -122.3101453960061 N540
580 47.65682090203359 -122.31204406724758 N554
582 47.65823569424746 -122.31201361346245 N555
584 47.6583657697048 -122.31201361346245 N556
590 47.651906569956665 -122.31153503496841 HitchcockHall
592 47.651798160355426 -122.31127707303106 N562
594 47.652036661181086 -122.31091162695313 N563
596 47.652282388165276 -122.31067516184389 N564
598 47.65240886494904 -122.31048348168386 N565
600 47.65261122698953 -122.31019864871139 N566
602 47.652589143856204 -122.3100272712388 N567
604 47.65239039534643 -122.31013475537938 LifeSciencesBuilding
503 47.65974794403996 -122.30942385592478 N503
505 47.65975877316793 -122.30898414546485 N504
507 47.659762382876714 -122.30868385539468 N505
509 47.65977321200171 -122.30842110158326 N506
511 47.6597768217095 -122.3078205214429 N507
550 47.65973350519918 -122.307616753181 N545
566 47.65964687207075 -122.30734327472419 N560
568 47.65940100966574 -122.30690177660522 N561
576 47.6589642300636 -122.30625651022432 N568
578 47.65876689596876 -122.30597886110847 N569
581 47.65860084593877 -122.30575900587854 N571
583 47.65845284437994 -122.30552306368051 N572
585 47.65813036805928 -122.305218602624 N573
588 47.65805095192525 -122.30508454455695 N575
593 47.65798597499844 -122.30482715306822 N579
597 47.657892119294765 -122.30460729783829 N582
599 47.65774050587858 -122.30450541370729 N583
601 47.657465755674565 -122.30454414130243 N584
603 47.65737550890963 -122.3045816775612 N585
624 47.65417690851477 -122.31137666962009 N605
626 47.65422744981828 -122.31110319116331 N606
628 47.65423828009125 -122.31061521979929 N607
633 47.654350556329405 -122.31140896299102 N611
635 47.65449495944378 -122.31143577460442 N612
637 47.654635752095814 -122.31138751370028 N613
639 47.65478015442151 -122.31134997744154 N614
641 47.65487762576559 -122.31147867318589 N615
643 47.65503646756615 -122.31145186157248 N616
651 47.65522057904852 -122.31193447061382 N623
653 47.65517725875815 -122.3118004125468 N624
657 47.65681712504414 -122.31222453808735 N627
664 47.6516111461204 -122.30539275787412 N631
666 47.651513668679144 -122.30545710574631 N632
668 47.651394529337175 -122.30551072897312 N633
535 47.65516491622941 -122.30794372704835 N535
618 47.64989823530158 -122.30484645796658 N610
627 47.65034953218249 -122.30514674803679 N618
629 47.65050477740804 -122.30524326984505 N619
631 47.650616698098325 -122.3054899366884 N620
638 47.649822417042955 -122.3050180522924 N626
642 47.6497646506768 -122.30523254519967 N629
644 47.650212338343245 -122.30557037152865 N630
649 47.65039646683424 -122.30567761798228 N634
652 47.650595036047946 -122.30565616869154 N636
659 47.65702502454231 -122.30463150617813 N642
661 47.65711166202125 -122.30420788268624 N643
663 47.65699614535073 -122.30414353481406 PadelfordHall
669 47.657398637082075 -122.30438216776614 N649
671 47.65721021513228 -122.30425895273159 N650
541 47.65749630419406 -122.30648223129106 N541
607 47.657565640223524 -122.308284667285 N603
609 47.657359848779926 -122.3080162368295 N604
614 47.65749704316579 -122.30784444133802 N608
616 47.65757927942448 -122.30772812136475 N609
625 47.65774896645158 -122.30794823433824 N617
645 47.65708904621723 -122.30909013467674 N635
648 47.657244293274296 -122.30881096700304 N637
650 47.65711792942557 -122.30862843429333 N638
660 47.65740498851978 -122.30855963857769 N645
672 47.65749958900051 -122.3073539001816 N654
674 47.657817300915646 -122.30687609397089 N655
676 47.65776675596753 -122.30679556483425 N656
678 47.657658445199736 -122.30663450656097 N657
686 47.65778601122836 -122.30642632386633 N663
688 47.65799180099232 -122.30612568175621 N664
690 47.65808125697384 -122.30602069577725 N665
692 47.658323148753674 -122.30567710479426 N666
694 47.658055984633684 -122.3055858384394 N667
696 47.65781328940136 -122.30553573136643 N668
698 47.65763638185539 -122.30532635561117 N669
700 47.6576147196657 -122.30520824621074 N670
702 47.65769414765059 -122.30519214038343 N671
704 47.65791798950335 -122.30506329376482 N672
715 47.65746219196729 -122.3069021018096 N682
717 47.657514542396555 -122.30682962558662 N683
721 47.657744176114434 -122.30598600725601 MusicHall
723 47.657819993551 -122.30587326646473 N687
727 47.6574721403266 -122.30557079145578 N690
570 47.653510672040234 -122.30729302114418 N570
577 47.65249172592292 -122.30348478991125 N576
646 47.656319705493836 -122.30771322604326 N644
656 47.6563441729904 -122.30725444961989 N652
665 47.65662935786832 -122.30685227541875 N659
680 47.65691815109407 -122.30672357967437 N673
682 47.65681707364676 -122.30656807231662 N674
685 47.65640700451772 -122.30716996054343 N676
687 47.656250974601896 -122.30732248857849 N677
689 47.656142675945624 -122.30748872058163 N678
693 47.65616072573728 -122.30722596677022 N681
697 47.65698579516854 -122.30630185993716 N684
703 47.65288269814161 -122.3123151536173 N689
706 47.65266969683183 -122.31202558819247 N691
708 47.652557780541244 -122.31180037063982 N692
710 47.6524169822866 -122.31150544289233 N693
712 47.65226896319933 -122.31122123979019 N694
714 47.65216065628434 -122.31100674688291 N695
724 47.658069871301464 -122.30934601571465 N703
726 47.65804460251536 -122.30898674009497 N704
574 47.65604421153568 -122.31784626747502 N574
579 47.65625361862461 -122.31767984059263 N578
683 47.65653723942649 -122.31582468779825 CondonHall
701 47.65649391412614 -122.31646355228227 N697
705 47.65648308279541 -122.31673735134682 N700
707 47.65686578845099 -122.31671050830128 N701
709 47.65685415491285 -122.31639793591232 N702
713 47.656850544494446 -122.31581275751937 N705
725 47.65623155457644 -122.31583602138296 N716
728 47.65599731824334 -122.3155697565234 N718
730 47.65567598475419 -122.31559659956895 N719
732 47.65535825980941 -122.31563417983273 N720
734 47.65534542233606 -122.31500903521857 N721
740 47.65499061766031 -122.31564218179587 N726
743 47.658582531769106 -122.30625912434637 N728
745 47.658669580133825 -122.30640169075292 N729
747 47.658387174333676 -122.306847285309 ArtBuilding
749 47.65820304808264 -122.30662180372642 ParnassusCafe
751 47.658087517554364 -122.30646074545314 N732
753 47.65814889317934 -122.30635874188005 N733
761 47.65825236851191 -122.3070134930016 N740
763 47.65806824178549 -122.30675579976432 N741
765 47.65793465924419 -122.30659474149104 N742
770 47.657912997178265 -122.30768456914025 N746
772 47.65774692104093 -122.30748593060322 N747
774 47.65793465924419 -122.30719065710218 RaittHall
776 47.65809712445217 -122.30745371894854 N749
778 47.65829208203444 -122.30722286875685 N750
780 47.6583498471042 -122.30715844544753 N751
782 47.65880474479524 -122.307770466886 N752
784 47.65840761211006 -122.30772751801312 N753
786 47.65797798334909 -122.30763088304916 N754
797 47.65770727066002 -122.30774362384045 N764
800 47.65799770313882 -122.30711072441395 N766
803 47.65803260314634 -122.30770783300385 N768
805 47.65798566874682 -122.30828227417854 N769
2 171 3 374
3 172 9 7 5 2 5 6 7 8 172
5 172 6 3 171 356 3 6 7 8 172
6 172 7 5 343 6 3 5 7 8 172
7 35 172 173 8 6 3 9 235 3 5 6 8 172
8 10 9 7 235 425 3 5 6 7 172
9 8 3 7 235 9 237
10 11 8 235 434 10 446 436 425
11 12 10 436 11
12 13 11
13 14 12 689
14 15 13
15 18 14 493 16 15 693
16 176 18 17 15
17 16 493 176
18 24 19 16 15
19 20 18
20 23 22 21 19
21 177 30 20
22 175 174 31 20
23 43 20
24 25 18 176
25 27 26 24
26 25
27 177 29 28 25
28 30 29 27
29 51 50 28 27
30 189 177 45 28 21
31 32 22 35
32 41 33 31
33 34 32 535
34 53 36 35 33
35 34 31 7 409
36 39 37 34
37 82 38 36 418
38 178 37
39 178 36 535
41 42 87 32 178
42 188 43 41
43 44 42 23
44 45 43
45 189 46 44 30
46 189 88 47 45
47 134 46
48 189 134 49
49 50 48
50 51 49 29
51 190 50 29 407
53 54 34
54 179 55 53 431
55 56 54
56 55 429 59
58 179 431
59 422 426 56 431
61 62 74 426
62 67 64 61
63 171 67 266 337 63 398 339
64 181 70 73 65 62
65 66 64 68 205
66 65 205 624
67 180 63 62 628
68 199 69 207 205 65
69 200 70 68
70 71 69 64
71 77 72 70 309
72 74 73 71
73 182 72 64
74 183 198 75 72 61
75 183 198 76 74 297
76 85 184 81 75
77 201 200 71
81 95 76 325
82 107 86 83 37
83 85 84 82
84 83
85 198 103 83 76
86 178 90 89 87 82
87 90 89 88 86 41
88 187 188 87 46
89 185 92 91 90 87 86
90 111 92 91 89 87 86
91 186 127 92 90 89
92 91 90 89 570
95 118 96 81 118 570
96 98 95 338
98 154 99 96 327 314
99 155 125 100 98
100 148 101 99 377
101 102 100 360
102 136 123 101 383 385
103 120 104 85
104 105 103
105 106 104
106 107 105
107 82 108 106
108 109 107
109 110 108
110 111 109
111 90 112 110
112 113 111
113 114 112
114 115 113 570
115 116 114 116 117 115
116 117 115 115 117
117 118 116 115 116
118 95 119 117 95
119 120 118
120 119 103
121 125 122 570
122 124 121
123 102 126 124
124 125 123 122 361
125 99 124 121
126 192 123 186 351
127 135 128 91
128 135 131 129 127
129 131 130 128
130 135 134 129
131 132 129 128
132 133 131 202
133 134 132
134 203 133 48 130 47
135 191 136 128 127 130
136 192 102 137 135 383
137 193 138 136
138 139 137 391
139 143 141 138
141 152 144 139 577
142 145 143 381 389
143 147 139 144 142
144 141 143
145 146 142
146 196 147 145
147 143 151 146
148 153 100 372 358
150 197 151 372 375
151 147 161 152 150
152 162 141 151 513
153 160 148 155
154 155 158 98 334
155 154 159 99 153
156 204 157 168
157 166 158 156
158 165 159 157 154
159 163 160 158 155
160 161 159 153 668
161 162 151 160
162 164 161 152
163 164 159
164 167 165 162 163 652 631
165 164 158
166 168 167 157
167 169 164 166
168 170 156 204 166
169 170 167
170 168 169 348
171 63 2 356 171 5
172 7 6 5 3 3 5 6 7 8
173 174 7 425 173
174 22 173
175 22
176 16 17 24
177 27 30 21
178 86 38 39 535 41
179 54 58 420 422
180 67
181 64
182 73
183 75 74
184 76 299
185 89
186 91 126
187 88
188 42 88
189 45 46 48 30
190 51
191 135
192 126 136 351
193 137
196 146
197 150
198 85 75 74
199 68 200
200 77 69 199
201 77 309
202 132
203 134
204 156 168 321
205 206 66 68 65
206 205 207
207 206 208 68
208 207 209
209 208 210 392
210 209 211 242 236 651
211 210 212 241 342
212 211 240 376 734
214 215 740
215 214 216
216 215 217 220
217 216 218
218 217 219 732
219 218 220 250
220 219 221 216
221 220
240 241 212 245 240 728
241 240 242 211 244 234
242 241 243 210
243 242 244 408
244 243 245 244 241 415
245 244 246 245 240
246 245 725 728
248 249 728
249 248 250
250 249 219
234 241
235 9 7 8 10 446 591 587
237 9 292
236 210 256 262
256 258 236
258 256 274
262 264 236 276 274 643
264 262 266 276 643
266 264 63
274 276 258 262 330
276 274 264 262
282 284 332 379
284 282 286 301 379
286 284 288 379
288 286 290 379
290 288 292 268 580
292 290 294 237
294 292 296
296 294 298 589
298 296 300 310 328
300 298 302 328 380
302 300 304 528 660
304 302 306 528 304
306 304 308 528 306
308 306 310 354
310 308 298 328
328 298 300 310
330 332 274
332 330 282
335 337
337 335 339 63
339 337 341 63 409
341 339 343
343 341 6
350 352
352 350 354
354 352 308 293
268 270 290
270 268 272
272 270 289
289 272 291 490
291 289 293
293 291 354
301 303 284 307 393
303 301
307 301
309 311 201 71
311 309 316 600 602
316 311 322
322 316 324
324 322 326
326 324 297 319 355
297 299 75 326
299 297 315 184
315 299 323 325
319 323 326 327 319 355
323 319 325 315
325 323 315 81
327 329 98 319 366
329 327 331
331 329 333
333 331 336
336 333 338
338 336 96
346 348 359
348 346 170
355 357 326 319
357 355 359
359 357 359 346
364 366 349
366 364 327 349
314 98 321 334
340 344 334
344 340 347
347 344 349
349 347 366 364
358 362 148
360 362 101 387
362 360 365 358
365 362 370
370 365 375
372 150 148 375 664
375 370 372 150
381 383 142 381 387
383 381 136 102
387 381 360
389 391 142
391 389 138
321 321 204 314 334
334 340 321 314 154
351 192 126
361 124 394
367 371 396 394 385
371 367 373 385 388 371 396 390
373 371 377 385 390 373
377 373 100
385 388 373 102 385 371 367 396
388 385 390 371
390 388 396 373 371
394 396 367 361
396 394 390 367 371 385
342 353 211 384
353 342 376
376 353 212
384 386 342 703
386 384 392
392 386 209
374 379 2
379 374 288 284 286 282
393 395 301
395 393 397
397 395 410
401 408 410 415
408 401 243 657
410 397 401
413 415
415 413 401 244
356 171 5 356 402
398 400 63
400 398 402
402 400 356
409 35 339
418 420 37
420 418 422 179
422 420 59 179
426 59 61 429 431
429 56 426 431
431 429 59 58 426 54
434 436 10 439 421 434
436 434 438 11 436 10
438 436 475 438 473 646
446 235 10
380 403 300
403 380 411 645
411 403 428 645
423 428 445 451 423 650 609
428 423 411 417
439 441 434 463 475
441 439 443 421 461
443 441 445
445 443 423 445
451 453 423
453 451 455 457 461
455 453 457 465 444 450
457 455 453 457 465
461 463 441 453 461
463 461 465 439 475
465 463 467 465 455 457 469 444
467 465 469 471 467 442 406
469 467 471 465 475
471 469 473 467
473 471 475 438
475 473 439 469 475 463 438
417 428 417 421
421 417 421 441 434
425 8 10 425 173
406 467 646 680 495
432 440 466 432 462 680
440 432 442 444
442 440 444 442 467
444 442 450 465 455 440 462
450 444 460 455
460 450 462 616 672
462 460 432 444 715
466 468 432 715
468 466 470 678 476
470 468 472 686
472 470 474 485 727
474 472 476 485 487 697
476 474 478 468
478 476 478 680 697
407 430 51
430 407 433
433 430 477
477 433 479
479 477 481 659
481 479 483 603
483 481 485 700
485 483 487 472 474
487 485 489 474
489 487 491 697
491 489 493 682
493 491 495 15 17 665
495 493 406 693
513 515 152
515 513 517
517 515 519
519 517 577
528 530 304 306 302
530 528 532 545 726
532 530 534 547 724
534 532 536 551 563
536 534 538 563 561
538 536 540 564 538 503
540 538 542 565
542 540 544
544 542 546
546 544 548
548 546 595
552 554 595
554 552 556
556 554 558
558 556 560
560 558 562
562 560 564
564 562 538
587 589 235
589 587 591 296
591 589 235
595 552 548
486 488
488 486 490
490 488 492 289
492 490 494 496
494 492 496
496 494 498 492 510 582
498 496 500 584
500 498 502
502 500 504
504 502 506
506 504 508 551 557
508 506 510 533 547 549
510 508 496
533 543 508
543 533 545
545 543 547 530
547 545 549 508 532
549 547 551 508
551 549 553 506 534
553 551 557 561
557 559 506 553
559 557 561 565
561 559 563 553 536
563 561 565 536 534
565 563 540 559
580 582 290 657
582 580 584 496
584 582 498
590 592
592 590 594 714
594 592 596
596 594 598
598 596 600
600 598 602 311
602 600 604 311
604 602
503 505 538
505 503 507
507 505 509
509 507 511
511 509 550
550 511 566
566 550 568
568 566 576
576 568 578 780
578 576 581 743
581 578 583
583 581 585 692
585 583 588
588 585 593 694 704
593 588 597
597 593 599
599 597 601
601 599 603 669
603 601 481 669
624 626 66 633
626 624 628
628 626 67
633 635 624
635 633 637
637 635 639
639 637 641
641 639 643
643 641 264 262 653
651 653 210
653 651 643
657 580 408
664 666 372
666 664 668
668 666 160
535 33 178 39
618 627 638
627 618 629
629 627 631
631 629 164
638 642 618
642 638 644
644 642 649
649 644 652
652 649 164
659 661 479
661 659 663 671
663 661
669 671 603 601
671 669 661
541 541 717
607 609 625 660 726 805
609 607 614 423
614 609 616
616 614 625 460 772 625 797
625 616 607 616 770 805
645 411 403 648
648 650 648 645 660
650 648 423
660 607 302 648 660
672 674 460 715
674 672 676 800
676 674 678 717
678 676 686 468 717
686 688 678 470 765
688 686 690 723 753
690 688 692 694
692 690 694 583
694 692 696 690 588
696 694 698
698 696 700 727
700 698 702 483
702 700 704
704 702 588
715 717 672 462 466
717 715 676 541 678
721 723 727
723 721 688
727 698 721 472
570 92 121 114 95
577 141 519
646 406 438
656 685 687
665 665 493 682 685
680 682 478 432 406
682 680 491 665 697
685 656 665
687 689 693 656
689 687 13
693 495 687 15
697 478 489 474 682
703 706 384
706 703 708
708 706 710
710 708 712
712 710 714
714 712 592
724 726 532
726 724 607 530 805
574 579
579 574
683 701 713 725
701 683 705
705 701 707
707 705 709
709 707 713
713 709 683
725 683 246
728 730 240 248 246
730 728 732
732 730 734 218 740
734 732 212
740 732 214
743 745 578
745 743 747
747 745 749 761
749 747 751
751 749 753
753 751 688
761 763 747
763 761 765 780
765 763 686
770 772 786 770 625 797
772 770 774 616
774 772 776 800
776 774 778 786
778 776 780 784
780 778 782 763 576
782 780 784
784 782 786 778
786 784 786 776 770 803
797 770 616
800 774 674
803 803 786 805
805 726 607 803 625
